[gd_scene load_steps=4 format=3 uid="uid://clxx6psfl5py8"]

[ext_resource type="Script" path="res://Code/PlayerBodyController.cs" id="1_ihx5p"]
[ext_resource type="PackedScene" uid="uid://cbkuu0rnihxcb" path="res://ScenePrefabs/ArmsPrefab.tscn" id="2_rc0bo"]

[sub_resource type="CapsuleShape3D" id="CapsuleShape3D_uioy7"]

[node name="PlayerBody" type="CharacterBody3D" node_paths=PackedStringArray("GunEffects", "AnimationTree", "CameraNode", "ArmsNode")]
transform = Transform3D(1, 0, 0, 0, 1, 0, 0, 0, 1, 3.28412, 0.668381, 0)
collision_layer = 2
collision_mask = 9
floor_max_angle = 1.0472
script = ExtResource("1_ihx5p")
GunEffects = NodePath("ArmsContainer/ArmsMesh/WeaponEffectsController")
AnimationTree = NodePath("ArmsContainer/ArmsMesh/AnimationTree")
HandStateMachinePlaybackPath = "parameters/playback"
IdleAnimationName = "LowIdle"
AimingAnimationName = "AimingIdle"
IdleFireAnimationName = "Lowfire"
AimingFireAnimationName = "Aimingfire"
IdleReloadAnimationName = "Lowreload"
AimingReloadAnimationName = "Aimingreload"
CameraNode = NodePath("Camera3D")
ArmsNode = NodePath("ArmsContainer")
RotationSpeed = 0.3
CameraActualRotationSpeed = 20.0
ArmsActualRotationSpeed = 12.0

[node name="CollisionShape3D" type="CollisionShape3D" parent="."]
shape = SubResource("CapsuleShape3D_uioy7")

[node name="ArmsContainer" type="Node3D" parent="."]
transform = Transform3D(1, 0, 0, 0, 1, 0, 0, 0, 1, 0, 0.85, 0)

[node name="ArmsMesh" parent="ArmsContainer" instance=ExtResource("2_rc0bo")]

[node name="RevolverBarrelAttachment" parent="ArmsContainer/ArmsMesh/Player_Rig/Skeleton3D" index="14"]
transform = Transform3D(0.99989, 0.0143319, -0.00384878, -0.0143209, 0.999893, 0.00288108, 0.00388987, -0.00282595, 0.999988, 0.190275, -0.207155, -0.657797)

[node name="RevolverCylinderAttachment" parent="ArmsContainer/ArmsMesh/Player_Rig/Skeleton3D" index="15"]
transform = Transform3D(0.99989, -0.00384927, -0.0143314, -0.0143204, 0.00288144, -0.999893, 0.00389037, 0.999988, 0.0028263, 0.190494, -0.18648, -0.637994)

[node name="LeftHandItemAttachment" parent="ArmsContainer/ArmsMesh/Player_Rig/Skeleton3D" index="16"]
transform = Transform3D(0.906764, 0.268, -0.325509, 0.336878, 0.0037722, 0.941541, 0.253561, -0.963411, -0.0868628, -0.288682, -0.452939, -0.307122)

[node name="WeaponEffectsController" parent="ArmsContainer/ArmsMesh" index="3" node_paths=PackedStringArray("CameraNode")]
CameraNode = NodePath("../../../Camera3D")

[node name="Camera3D" type="Camera3D" parent="."]
transform = Transform3D(1, 0, 0, 0, 1, 0, 0, 0, 1, 0.0549638, 0.75, 0)
current = true
fov = 70.0

[editable path="ArmsContainer/ArmsMesh"]
[editable path="ArmsContainer/ArmsMesh/Player_Rig/Skeleton3D/LeftHandItemAttachment/FlashlightMesh"]
