[gd_scene load_steps=4 format=3 uid="uid://clxx6psfl5py8"]

[ext_resource type="Script" path="res://Code/PlayerBodyController.cs" id="1_ihx5p"]
[ext_resource type="PackedScene" uid="uid://cbkuu0rnihxcb" path="res://ScenePrefabs/ArmsPrefab.tscn" id="2_rc0bo"]

[sub_resource type="CapsuleShape3D" id="CapsuleShape3D_uioy7"]

[node name="PlayerBody" type="CharacterBody3D" node_paths=PackedStringArray("GunEffects", "AnimationTree", "CameraNode", "ArmsNode")]
transform = Transform3D(1, 0, 0, 0, 1, 0, 0, 0, 1, 3.28412, 0.668381, 0)
collision_layer = 2
floor_max_angle = 1.0472
script = ExtResource("1_ihx5p")
GunEffects = NodePath("ArmsContainer/ArmsMesh/WeaponEffectsController")
AnimationTree = NodePath("ArmsContainer/ArmsMesh/AnimationTree")
HandStateMachinePlaybackPath = "parameters/playback"
IdleAnimationName = "IdleLowered"
AimingAnimationName = "IdleRaised"
IdleFireAnimationName = "FiringLowered1"
AimingFireAnimationName = "FiringRaised1"
ReloadAnimationName = "Reloading"
CameraNode = NodePath("Camera3D")
ArmsNode = NodePath("ArmsContainer")
RotationSpeed = 0.3
CameraActualRotationSpeed = 20.0
ArmsActualRotationSpeed = 12.0

[node name="CollisionShape3D" type="CollisionShape3D" parent="."]
shape = SubResource("CapsuleShape3D_uioy7")

[node name="ArmsContainer" type="Node3D" parent="."]
transform = Transform3D(1, 0, 0, 0, 1, 0, 0, 0, 1, 0, 0.5, 0)

[node name="ArmsMesh" parent="ArmsContainer" instance=ExtResource("2_rc0bo")]

[node name="Skeleton3D" parent="ArmsContainer/ArmsMesh/rig" index="0"]
bones/127/rotation = Quaternion(0.38101, -0.517409, 0.613668, 0.458836)
bones/127/scale = Vector3(0.999917, 0.999917, 0.999917)
bones/128/rotation = Quaternion(0.174464, -9.76423e-09, 1.46866e-08, 0.984663)
bones/129/rotation = Quaternion(0.0317393, 0.666263, -0.0801908, 0.740713)
bones/129/scale = Vector3(1.00012, 1.00012, 1.00012)
bones/138/scale = Vector3(1.00012, 1.00012, 1.00012)
bones/140/rotation = Quaternion(-4.50376e-08, 0.357252, 8.6247e-08, 0.934008)
bones/140/scale = Vector3(1.00012, 1.00012, 1.00012)
bones/142/scale = Vector3(1.00008, 1.00008, 1.00008)
bones/143/scale = Vector3(1.00008, 1.00008, 1.00008)
bones/152/rotation = Quaternion(-0.115173, -0.621388, 0.0623399, 0.77248)
bones/153/rotation = Quaternion(-0.0759873, 0.00783505, 0.000597089, 0.997078)
bones/153/scale = Vector3(0.999917, 0.999917, 0.999918)
bones/154/rotation = Quaternion(0.174464, -1.39454e-08, 1.27464e-08, 0.984663)
bones/155/rotation = Quaternion(0.379101, -0.515981, 0.614849, 0.460441)
bones/157/rotation = Quaternion(0.379101, -0.515981, 0.614849, 0.460441)
bones/159/rotation = Quaternion(0.174429, -0.00154161, 0.000273082, 0.984668)
bones/160/rotation = Quaternion(-4.50088e-08, 0.357895, 5.73866e-08, 0.933762)
bones/161/rotation = Quaternion(0.0583215, 0.356817, -0.0635233, 0.930186)
bones/161/scale = Vector3(1.00002, 0.999966, 1.00002)
bones/232/rotation = Quaternion(0.972125, 7.02987e-09, 0.234465, -1.39698e-09)
bones/266/position = Vector3(0.256249, 0.209962, -0.289795)
bones/266/rotation = Quaternion(0.134634, 0.205815, -0.773591, 0.584013)
bones/266/scale = Vector3(1, 24.4174, 1)
bones/273/position = Vector3(-0.0738115, 0.00730722, -0.00651831)
bones/273/rotation = Quaternion(-0.0360587, 0.0747895, 0.0214186, 0.996317)

[node name="BaseAttachment" parent="ArmsContainer/ArmsMesh/rig/Skeleton3D" index="12"]
transform = Transform3D(0.999996, 0.0124612, 0.00391664, -0.0124951, 0.825159, 0.564905, 0.00380728, -0.564906, 0.825245, 0.193751, -0.374384, -0.50045)

[node name="FrontAttachment" parent="ArmsContainer/ArmsMesh/rig/Skeleton3D" index="13"]
transform = Transform3D(0.999996, 0.0125061, -0.00376906, -0.0124948, 0.999998, 0.00302169, 0.00380659, -0.00297406, 1.00007, 0.195585, -0.27812, -0.666116)

[node name="RayCast3D" parent="ArmsContainer/ArmsMesh/rig/Skeleton3D/FrontAttachment/BarrelEnd" index="0"]
collision_mask = 3

[node name="RevolverAmmoAttachment" parent="ArmsContainer/ArmsMesh/rig/Skeleton3D" index="14"]
transform = Transform3D(0.999996, -0.00376956, -0.0125056, -0.0124943, 0.00302157, -0.999998, 0.00380708, 1.00007, 0.00297395, 0.195768, -0.257441, -0.646315)

[node name="Flashlight" type="SpotLight3D" parent="ArmsContainer"]
transform = Transform3D(0.999986, 0.00160495, 0.005057, -0.00161713, 0.999996, 0.0024044, -0.00505312, -0.00241254, 0.999984, -0.278919, -0.739637, 0.114651)
light_indirect_energy = 0.5
light_volumetric_fog_energy = 0.01
shadow_enabled = true
spot_range = 100.0
spot_attenuation = 1.41421
spot_angle = 25.0

[node name="Camera3D" type="Camera3D" parent="."]
transform = Transform3D(1, 0, 0, 0, 1, 0, 0, 0, 1, 0, 0.5, 0)
current = true
fov = 60.0

[editable path="ArmsContainer/ArmsMesh"]
