[gd_scene load_steps=9 format=3 uid="uid://j3wkv2enaxu4"]

[ext_resource type="PackedScene" uid="uid://dfvup7v6vwpjx" path="res://ScenePrefabs/Enemies/CultistBody.tscn" id="1_jrwgq"]
[ext_resource type="Script" path="res://Code/Helpers/SetTarget.cs" id="1_uydd8"]
[ext_resource type="Script" path="res://Code/Enemies/BasicEnemyNavigationAgent.cs" id="2_p71tf"]
[ext_resource type="Script" path="res://Code/Enemies/DamageableObject.cs" id="3_mn57c"]
[ext_resource type="PackedScene" uid="uid://cfgwxv8foypvp" path="res://ScenePrefabs/Effects/ImpactEffectEnemy.tscn" id="4_hufux"]
[ext_resource type="Script" path="res://Code/Enemies/LimbPlacementController.cs" id="5_agwod"]
[ext_resource type="Script" path="res://Code/Enemies/Limb.cs" id="6_7ckyj"]

[sub_resource type="SphereShape3D" id="SphereShape3D_iqvbu"]
radius = 1.01062

[node name="Cultist" type="Node3D" node_paths=PackedStringArray("agent")]
script = ExtResource("1_uydd8")
agent = NodePath("RollerBall")

[node name="CultistBody" parent="." instance=ExtResource("1_jrwgq")]
transform = Transform3D(1.5, 0, 0, 0, 1.5, 0, 0, 0, 1.5, 0, 2.38419e-07, -7.45058e-09)

[node name="Chest" parent="CultistBody/CultistRig/Skeleton3D" index="2"]
transform = Transform3D(1, 0, 0, 0, 0.850692, 0.525643, 0, -0.525643, 0.850692, 0, 1.29442, -0.0556068)
joint_offset = Transform3D(1, 0, 0, 0, 1, 0, 0, 0, 1, 0, -4.2835e-05, 0.00111517)
body_offset = Transform3D(1, 0, 0, 0, 0.865357, 0.501133, 0, -0.501133, 0.865357, 0, -0.000521779, -0.000986483)

[node name="Hips" parent="CultistBody/CultistRig/Skeleton3D" index="3"]
transform = Transform3D(1, 2.39112e-07, -2.66454e-13, -3.79287e-08, 0.161185, 0.987274, 2.35382e-07, -1.00035, 0.159089, -1.47106e-09, 1.13894, -0.0815266)
joint_offset = Transform3D(1, 0, 0, 0, 1, 0, 0, 0, 1, 1.47151e-09, -1.71696e-06, 0.156829)
body_offset = Transform3D(1, -2.46577e-09, 3.09086e-13, -1.3145e-13, 7.7039e-06, -1.00001, 5.68434e-13, 1.01325, -2.39909e-06, -1.47156e-09, 0.156831, 2.11596e-06)

[node name="thigh_L" parent="CultistBody/CultistRig/Skeleton3D" index="4"]
transform = Transform3D(0.994512, -0.00465396, -0.104518, 0.104394, -0.0222458, 0.994258, -0.00695228, -0.999742, -0.0216369, 0.112732, 0.795002, -0.0595687)
joint_offset = Transform3D(1, 0, 0, 0, 1, 0, 0, 0, 1, 2.99071e-07, -1.52108e-08, 0.240662)
body_offset = Transform3D(1, -2.64496e-07, -1.28188e-07, -7.95902e-07, -8.3819e-08, -0.999971, -3.72529e-09, 1, -4.32134e-07, -2.68221e-07, 0.240655, 1.19209e-07)

[node name="shin_L" parent="CultistBody/CultistRig/Skeleton3D" index="5"]
transform = Transform3D(0.993143, -0.00434031, -0.116826, 0.116411, 0.128371, 0.984871, 0.0107417, -0.991717, 0.127992, 0.163048, 0.343596, -0.0819317)
joint_offset = Transform3D(1, 0, 0, 0, 1, 0, 0, 0, 1, 9.27808e-07, -1.42144e-07, 0.215404)
body_offset = Transform3D(1, -1.94134e-05, -2.94996e-07, -2.19326e-07, -3.71039e-06, -1, -4.93601e-08, 1, 5.21541e-07, -8.64267e-07, 0.215404, 2.98023e-08)

[node name="foot_L" parent="CultistBody/CultistRig/Skeleton3D" index="6"]
transform = Transform3D(0.958755, -0.0192914, -0.283611, 0.203225, -0.65121, 0.731227, -0.198763, -0.758771, -0.62038, 0.210551, 0.0738617, -0.0606431)
joint_offset = Transform3D(1, 0, 0, 0, 1, 0, 0, 0, 1, -1.31727e-06, 9.80758e-08, 0.0787564)
body_offset = Transform3D(1.00001, -2.186e-05, -4.91738e-07, 4.17233e-07, -1.51098e-05, -1, -1.63913e-07, 1.00009, 2.68221e-07, 1.35601e-06, 0.0787564, -1.19209e-07)

[node name="thigh_R" parent="CultistBody/CultistRig/Skeleton3D" index="7"]
transform = Transform3D(0.994512, 0.00465366, 0.104521, -0.104393, -0.0222453, 0.994297, 0.00695216, -0.999742, -0.0216382, -0.11274, 0.794971, -0.0595492)
joint_offset = Transform3D(1, 0, 0, 0, 1, 0, 0, 0, 1, 3.67666e-06, 1.86121e-05, 0.240686)
body_offset = Transform3D(1, -9.96515e-08, -6.02784e-07, 1.30225e-07, -5.84871e-07, -1.00001, 1.13621e-07, 1, -4.84288e-08, -3.53158e-06, 0.240688, -1.86004e-05)

[node name="shin_R" parent="CultistBody/CultistRig/Skeleton3D" index="8"]
transform = Transform3D(0.993143, 0.0043207, 0.116826, -0.116411, 0.12837, 0.984869, -0.0107416, -0.991717, 0.127992, -0.161515, 0.367669, -0.079842)
joint_offset = Transform3D(1, 0, 0, 0, 1, 0, 0, 0, 1, 0.0013011, -0.00102442, 0.191249)
body_offset = Transform3D(1, 4.09782e-08, 2.84403e-07, -2.29338e-08, -5.21541e-07, -0.999999, -1.86265e-09, 1, 0, -0.00130115, 0.191249, 0.00102442)

[node name="foot_R" parent="CultistBody/CultistRig/Skeleton3D" index="9"]
transform = Transform3D(0.958766, 0.0193218, 0.28361, -0.203225, -0.651258, 0.731227, 0.198762, -0.758861, -0.62038, -0.21055, 0.0738655, -0.0606371)
joint_offset = Transform3D(1, 0, 0, 0, 1, 0, 0, 0, 1, -1.69658e-08, 7.13396e-06, 0.0787571)
body_offset = Transform3D(1.00002, 4.26918e-05, 2.23517e-08, -4.31389e-06, -4.52995e-05, -1, 9.23872e-07, 1.00019, 2.98023e-08, 1.49012e-08, 0.0787571, -7.13766e-06)

[node name="Neck" parent="CultistBody/CultistRig/Skeleton3D" index="10"]
transform = Transform3D(1, 0, 0, 0, -0.368784, -0.929515, 0, 0.929515, -0.368783, 0, 1.64573, -0.0519135)
joint_offset = Transform3D(1, 0, 0, 0, 1, 0, 0, 0, 1, 0, -5.19191e-08, 0.0322354)
body_offset = Transform3D(1, 0, 0, 0, -7.45058e-07, -1, 0, 1, -2.38419e-07, 0, 0.0322354, 5.96046e-08)

[node name="Head" parent="CultistBody/CultistRig/Skeleton3D" index="11"]
transform = Transform3D(1, 0, 0, 0, -0.186599, -0.982436, 0, 0.982436, -0.186599, 0, 1.70571, -0.0343254)
joint_offset = Transform3D(1, 0, 0, 0, 1, 0, 0, 0, 1, 0, 4.55211e-09, 0.0305486)
body_offset = Transform3D(1, 0, 0, 0, -1.3411e-07, -1, 0, 1, -1.49012e-07, 0, 0.0305486, 0)

[node name="shoulder_L" parent="CultistBody/CultistRig/Skeleton3D" index="12"]
transform = Transform3D(0.473865, -0.0863731, -0.876859, 0.357377, 0.930247, 0.101622, 0.805005, -0.360931, 0.471237, 0.104134, 1.55239, -0.0324551)
joint_offset = Transform3D(1, 0, 0, 0, 1, 0, 0, 0, 1, 0.000610526, 0.00151072, 0.0986034)
body_offset = Transform3D(0.934094, -0.354951, -0.0385033, 1.3411e-06, 0.108051, -0.994776, 0.357446, 0.930283, 0.101051, 0.0037625, 0.0979251, -0.0115876)

[node name="upper_arm_L" parent="CultistBody/CultistRig/Skeleton3D" index="13"]
transform = Transform3D(-0.305988, -0.0204901, -0.951815, -0.951893, -0.0107198, 0.306244, -0.0164685, 0.999892, -0.0162208, 0.345801, 1.49402, -0.0760599)
joint_offset = Transform3D(1, 0, 0, 0, 1, 0, 0, 0, 1, 2.00843e-07, -1.5655e-08, 0.16337)
body_offset = Transform3D(1, 4.79631e-06, 2.30008e-07, -2.21917e-07, -8.36328e-07, -1, 2.27988e-06, 1.00016, -4.09782e-08, -2.38419e-07, 0.16337, 2.23517e-08)

[node name="forearm_L" parent="CultistBody/CultistRig/Skeleton3D" index="14"]
transform = Transform3D(-0.182145, -0.118996, -0.976044, -0.981561, -0.0364987, 0.187626, -0.0579508, 0.992224, -0.110154, 0.654149, 1.41461, -0.0561595)
joint_offset = Transform3D(1, 0, 0, 0, 1, 0, 0, 0, 1, 5.07308e-07, -1.02874e-07, 0.156602)
body_offset = Transform3D(0.999999, 4.84288e-08, -2.47825e-06, -7.4273e-07, 0, -1, -3.72529e-09, 1, -1.04308e-07, -1.19209e-07, 0.156602, 1.19209e-07)

[node name="hand_L" parent="CultistBody/CultistRig/Skeleton3D" index="15"]
transform = Transform3D(0.388708, 0.491524, -0.779876, 0.919952, -0.272737, 0.285218, -0.0724954, -0.827165, -0.557377, 0.825269, 1.37855, -0.0258526)
joint_offset = Transform3D(1, 0, 0, 0, 1, 0, 0, 0, 1, -2.13127e-06, 3.39001e-07, 0.0234251)
body_offset = Transform3D(-1.00004, 0.044148, 0.0251445, 0.000389577, 0.495449, -0.868797, -0.050801, -0.86762, -0.494756, -0.000591159, 0.0203515, 0.0115899)

[node name="shoulder_R" parent="CultistBody/CultistRig/Skeleton3D" index="16"]
transform = Transform3D(0.473865, 0.0863731, 0.876859, -0.357377, 0.930247, 0.101622, -0.805005, -0.360931, 0.471237, -0.104134, 1.55239, -0.0324551)
joint_offset = Transform3D(1, 0, 0, 0, 1, 0, 0, 0, 1, -0.000610526, 0.00151072, 0.0986034)
body_offset = Transform3D(0.934094, 0.354951, 0.0385033, -1.3411e-06, 0.108051, -0.994776, -0.357446, 0.930283, 0.101051, -0.0037625, 0.0979251, -0.0115876)

[node name="upper_arm_R" parent="CultistBody/CultistRig/Skeleton3D" index="17"]
transform = Transform3D(-0.305988, 0.0204901, 0.951815, 0.951893, -0.0107198, 0.306244, 0.0164685, 0.999892, -0.0162208, -0.345801, 1.49402, -0.0760599)
joint_offset = Transform3D(1, 0, 0, 0, 1, 0, 0, 0, 1, -2.00843e-07, -1.5655e-08, 0.16337)
body_offset = Transform3D(1, -4.79631e-06, -2.30008e-07, 2.21917e-07, -8.36328e-07, -1, -2.27988e-06, 1.00016, -4.09782e-08, 2.38419e-07, 0.16337, 2.23517e-08)

[node name="forearm_R" parent="CultistBody/CultistRig/Skeleton3D" index="18"]
transform = Transform3D(-0.182145, 0.118996, 0.976044, 0.981561, -0.0364987, 0.187626, 0.0579508, 0.992224, -0.110154, -0.654149, 1.41461, -0.0561595)
joint_offset = Transform3D(1, 0, 0, 0, 1, 0, 0, 0, 1, -5.07308e-07, -1.02874e-07, 0.156602)
body_offset = Transform3D(0.999999, -4.84288e-08, 2.47825e-06, 7.4273e-07, 0, -1, 3.72529e-09, 1, -1.04308e-07, 1.19209e-07, 0.156602, 1.19209e-07)

[node name="hand_R" parent="CultistBody/CultistRig/Skeleton3D" index="19"]
transform = Transform3D(0.388708, -0.491524, 0.779876, -0.919952, -0.272737, 0.285218, 0.0724954, -0.827165, -0.557377, -0.825269, 1.37855, -0.0258526)
joint_offset = Transform3D(1, 0, 0, 0, 1, 0, 0, 0, 1, 2.13127e-06, 3.39001e-07, 0.0234251)
body_offset = Transform3D(-1.00004, -0.044148, -0.0251445, -0.000389577, 0.495449, -0.868797, 0.050801, -0.86762, -0.494756, 0.000591159, 0.0203515, 0.0115899)

[node name="Hand_R_IK" parent="CultistBody/CultistRig/Skeleton3D" index="20"]
target_node = NodePath("../../../../RightHandTargetContainer/Hand_R_Target")

[node name="Hand_L_IK" parent="CultistBody/CultistRig/Skeleton3D" index="21"]
target_node = NodePath("../../../../LeftHandTargetContainer/Hand_L_Target")

[node name="Foot_R_IK" parent="CultistBody/CultistRig/Skeleton3D" index="22"]
target_node = NodePath("../../../../RightFootTargetContainer/Foot_R_Target")

[node name="Foot_L_IK" parent="CultistBody/CultistRig/Skeleton3D" index="23"]
target_node = NodePath("../../../../LeftFootTargetContainer/Foot_L_Target")

[node name="RollerBall" type="RigidBody3D" parent="." node_paths=PackedStringArray("NavigationAgent")]
collision_layer = 8
collision_mask = 9
mass = 2.0
angular_damp = 0.5
script = ExtResource("2_p71tf")
MaximumVelocity = 3.0
VelocityChange = 3.0
NavigationAgent = NodePath("NavigationAgent3D")

[node name="CollisionShape3D" type="CollisionShape3D" parent="RollerBall"]
transform = Transform3D(0.695005, 0, 0, 0, 0.695005, 0, 0, 0, 0.695005, 0, 0, 0)
shape = SubResource("SphereShape3D_iqvbu")

[node name="NavigationAgent3D" type="NavigationAgent3D" parent="RollerBall"]
avoidance_enabled = true

[node name="Damageable" type="Node" parent="RollerBall"]
script = ExtResource("3_mn57c")
ImpactEffect = ExtResource("4_hufux")

[node name="LimbPlacementController" type="Node" parent="." node_paths=PackedStringArray("Skeleton", "ChestBone", "ChestTargetPoint", "ChestTargetContainer", "EnemyBody", "LimbRaycast", "CurrentLimbs")]
script = ExtResource("5_agwod")
Skeleton = NodePath("../CultistBody/CultistRig/Skeleton3D")
ChestBone = NodePath("../CultistBody/CultistRig/Skeleton3D/Chest")
ChestTargetPoint = NodePath("../ChestMarkerContainer/ChestTarget")
ChestTargetContainer = NodePath("../ChestMarkerContainer")
JumpVelocity = 6.0
StepBouncePower = 4.0
TorsoBounceVisualStrength = 0.2
TorsoLerpSpeed = 12.0
TorsoRotationLerpSpeed = 8.0
EnemyBody = NodePath("../RollerBall")
LimbRaycast = NodePath("../LimbPlacementRaycast")
BodyLength = 1.0
BottomBodyWidth = 2.0
TargetOffsetDown = 2.5
CurrentLimbs = [NodePath("../LeftHand_Limb"), NodePath("../RightHand_Limb"), NodePath("../LeftFoot_Limb"), NodePath("../RightFoot_Limb")]
MinimumLimbStepDelay = 0.18
VelocityAccountingMultiplier = 0.5

[node name="RightHand_Limb" type="Node" parent="." node_paths=PackedStringArray("LimbIKContainer", "Skeleton", "LimbIKSolver")]
script = ExtResource("6_7ckyj")
LimbIKContainer = NodePath("../RightHandTargetContainer")
Skeleton = NodePath("../CultistBody/CultistRig/Skeleton3D")
LimbIKSolver = NodePath("../CultistBody/CultistRig/Skeleton3D/Hand_R_IK")
LimbIKMagnetOffset = Vector3(10, 10, 5)
LimbIKTargetOffset = Vector3(0, 0.1, 0)
AllowedIKInaccuracies = 0.1
EnemyBodyOriginVelocityBias = 0.7
ThisLimb = 1
ControlPointOffset = 0.6
BlendSpeed = 2.5

[node name="LeftHand_Limb" type="Node" parent="." node_paths=PackedStringArray("LimbIKContainer", "Skeleton", "LimbIKSolver")]
script = ExtResource("6_7ckyj")
LimbIKContainer = NodePath("../LeftHandTargetContainer")
Skeleton = NodePath("../CultistBody/CultistRig/Skeleton3D")
LimbIKSolver = NodePath("../CultistBody/CultistRig/Skeleton3D/Hand_L_IK")
LimbIKMagnetOffset = Vector3(-10, 10, 5)
LimbIKTargetOffset = Vector3(0, 0.1, 0)
AllowedIKInaccuracies = 0.1
EnemyBodyOriginVelocityBias = 0.7
ControlPointOffset = 0.6
BlendSpeed = 2.5

[node name="RightFoot_Limb" type="Node" parent="." node_paths=PackedStringArray("LimbIKContainer", "Skeleton", "LimbIKSolver")]
script = ExtResource("6_7ckyj")
LimbIKContainer = NodePath("../RightFootTargetContainer")
Skeleton = NodePath("../CultistBody/CultistRig/Skeleton3D")
LimbIKSolver = NodePath("../CultistBody/CultistRig/Skeleton3D/Foot_R_IK")
LimbIKMagnetOffset = Vector3(10, 5, -10)
LimbIKTargetOffset = Vector3(0, 0.15, 0)
EnemyBodyOriginVelocityBias = 0.7
ThisLimb = 3
ControlPointOffset = 0.5

[node name="LeftFoot_Limb" type="Node" parent="." node_paths=PackedStringArray("LimbIKContainer", "Skeleton", "LimbIKSolver")]
script = ExtResource("6_7ckyj")
LimbIKContainer = NodePath("../LeftFootTargetContainer")
Skeleton = NodePath("../CultistBody/CultistRig/Skeleton3D")
LimbIKSolver = NodePath("../CultistBody/CultistRig/Skeleton3D/Foot_L_IK")
LimbIKMagnetOffset = Vector3(10, 5, -10)
LimbIKTargetOffset = Vector3(0, 0.15, 0)
EnemyBodyOriginVelocityBias = 0.7
ThisLimb = 2
ControlPointOffset = 0.5

[node name="LimbPlacementRaycast" type="RayCast3D" parent="."]

[node name="ChestMarkerContainer" type="Node3D" parent="."]
transform = Transform3D(-1, 0, -8.74228e-08, 8.74228e-08, -4.37114e-08, -1, -3.82137e-15, -1, 4.37114e-08, 0, 0, 0)

[node name="ChestTarget" type="Node3D" parent="ChestMarkerContainer"]
transform = Transform3D(-1, -8.50279e-08, -2.03176e-08, 0, 0.232407, -0.972606, 8.74228e-08, -0.972606, -0.232407, 0, 0, 0)

[node name="RightHandTargetContainer" type="Marker3D" parent="."]
transform = Transform3D(1, 0, 0, 0, 0.999988, 0, 0, 0, 0.999988, 0, 0, 0)

[node name="Hand_R_Target" type="Node3D" parent="RightHandTargetContainer"]
transform = Transform3D(1.91069e-15, 4.37114e-08, -1, 1, -4.37114e-08, 0, -4.37114e-08, -1, -4.37114e-08, 0, 0, 0)

[node name="LeftHandTargetContainer" type="Marker3D" parent="."]
transform = Transform3D(-4.37114e-08, 0, -0.999988, 0, 0.999988, 0, 1, 0, -4.37109e-08, 0, 0, 0)

[node name="Hand_L_Target" type="Node3D" parent="LeftHandTargetContainer"]
transform = Transform3D(1.91069e-15, -4.37112e-08, 1, -1, -4.37112e-08, 0, 4.37115e-08, -0.999995, -4.37115e-08, 0, 0, 0)

[node name="RightFootTargetContainer" type="Marker3D" parent="."]
transform = Transform3D(1, 0, 0, 0, 0.999998, 0, 0, 0, 0.999998, 0, 0, 0)

[node name="Foot_R_Target" type="Node3D" parent="RightFootTargetContainer"]
transform = Transform3D(-4.37114e-08, -0.766044, 0.642788, 0, -0.642788, -0.766044, 1, -3.34849e-08, 2.80971e-08, 0, 0, 0)

[node name="LeftFootTargetContainer" type="Marker3D" parent="."]
transform = Transform3D(1, 0, 0, 0, 0.999998, 0, 0, 0, 0.999998, 0, 0, 0)

[node name="Foot_L_Target" type="Node3D" parent="LeftFootTargetContainer"]
transform = Transform3D(-4.37114e-08, 0.766044, -0.642788, 0, -0.642788, -0.766044, -1, -3.34849e-08, 2.80971e-08, 0, 0, 0)

[editable path="CultistBody"]
